0.3 8.0 -5.0 3.0 -3.5 0.1 0.1 0.1 0.1 
0.3 7.1936 -6.92151 1.8228 -3.5 0.0470681 0.0803707 0.0543587 0.1 
0.3 7.1936 -6.92151 1.8228 -3.5 0.0470681 0.0803707 0.0543587 0.1 
0.3 7.1936 -6.92151 1.8228 -3.5 0.0470681 0.0803707 0.0543587 0.1 
0.3 7.1936 -6.92151 1.8228 -3.5 0.0470681 0.0803707 0.0543587 0.1 
0.3 7.79253 -6.92151 1.81378 -3.5 0.0470681 0.0803707 0.0543587 0.1 
0.3 7.79253 -6.92151 1.81378 -3.5 0.0470681 0.0803707 0.0543587 0.1 
0.3 7.79253 -6.92151 1.81378 -3.5 0.0470681 0.0803707 0.0543587 0.1 
0.3 10.2405 -11.0438 1.67329 -3.5 0.0333631 0.067492 0.0459201 0.1 
0.3 10.2405 -11.0438 1.67329 -3.5 0.0333631 0.067492 0.0459201 0.1 
0.3 10.2405 -11.0438 1.67329 -3.5 0.0333631 0.067492 0.0459201 0.1 
0.3 10.2405 -11.0438 1.67329 -3.5 0.0333631 0.067492 0.0459201 0.1 
0.3 10.2405 -11.0438 1.67329 -3.5 0.0333631 0.067492 0.0459201 0.1 
0.3 10.2405 -11.0438 1.67329 -3.5 0.0333631 0.067492 0.0459201 0.1 
0.3 10.2405 -11.0438 1.67329 -3.5 0.0333631 0.067492 0.0459201 0.1 
0.3 10.2405 -11.0438 1.67329 -3.5 0.0333631 0.067492 0.0459201 0.1 
0.3 10.2405 -11.0438 1.67329 -3.5 0.0333631 0.067492 0.0459201 0.1 
0.3 10.2405 -11.0438 1.67329 -3.5 0.0333631 0.067492 0.0459201 0.1 
0.3 10.2405 -11.0438 1.67329 -3.5 0.0333631 0.067492 0.0459201 0.1 
0.3 10.2405 -11.0438 1.67329 -3.5 0.0333631 0.067492 0.0459201 0.1 
0.3 10.2405 -11.0438 1.67329 -3.5 0.0333631 0.067492 0.0459201 0.1 
0.3 10.2405 -11.0438 1.67329 -3.5 0.0333631 0.067492 0.0459201 0.1 
0.3 10.2405 -10.6278 1.67329 -3.5 0.0361159 0.0710407 0.0459201 0.1 
0.3 10.2405 -10.6278 1.67329 -3.5 0.0361159 0.0710407 0.0459201 0.1 
0.3 10.2405 -10.6278 1.67329 -3.5 0.0361159 0.0710407 0.0459201 0.1 
0.3 10.2405 -10.6278 1.67329 -3.5 0.0361159 0.0710407 0.0459201 0.1 
0.3 10.2405 -10.6278 1.67329 -3.5 0.0361159 0.0710407 0.0459201 0.1 
0.3 10.2405 -10.6278 1.67329 -3.5 0.0361159 0.0710407 0.0459201 0.1 
0.3 11.4333 -10.6278 1.67329 -3.5 0.0361159 0.0756228 0.0459201 0.1 
0.3 11.5188 -8.89268 1.67329 -3.5 0.0361159 0.0886616 0.0459201 0.1 
0.3 13.3377 -7.85922 1.67329 -3.5 0.0373757 0.06913 0.0459201 0.1 
0.3 14.7401 -6.99805 1.67329 -3.5 0.045082 0.0723923 0.0459201 0.1 
0.3 15.9725 -6.99805 1.67329 -3.5 0.045082 0.0756954 0.0459201 0.1 